name: D:\python\stats_scrap\.env
channels:
  - conda-forge
  - defaults
dependencies:
  - annotated-types=0.7.0=pyhd8ed1ab_1
  - bzip2=1.0.8=h2bbff1b_6
  - ca-certificates=2025.10.5=h4c7d964_0
  - expat=2.7.1=h8ddb27b_0
  - libffi=3.4.4=hd77b12b_1
  - libmpdec=4.0.0=h827c3e9_0
  - libzlib=1.3.1=h02ab6af_0
  - openssl=3.5.4=h725018a_0
  - pip=25.2=pyhc872135_1
  - pydantic=2.12.3=pyh3cfb1c2_0
  - pydantic-core=2.41.4=py313hfbe8231_0
  - pydantic-settings=2.11.0=pyh3cfb1c2_0
  - python=3.13.9=h260b955_100_cp313
  - python-dotenv=1.1.1=pyhe01879c_0
  - python_abi=3.13=1_cp313
  - setuptools=80.9.0=py313haa95532_0
  - sqlite=3.50.2=hda9a48d_1
  - tk=8.6.15=hf199647_0
  - typing-extensions=4.15.0=h396c80c_0
  - typing-inspection=0.4.2=pyhd8ed1ab_0
  - typing_extensions=4.15.0=pyhcf101f3_0
  - tzdata=2025b=h04d1e81_0
  - ucrt=10.0.22621.0=haa95532_0
  - vc=14.3=h2df5915_10
  - vc14_runtime=14.44.35208=h4927774_10
  - vs2015_runtime=14.44.35208=ha6b5a95_10
  - wheel=0.45.1=py313haa95532_0
  - xz=5.6.4=h4754444_1
  - zlib=1.3.1=h02ab6af_0
prefix: D:\python\stats_scrap\.env
