name: D:\python\stats_scrap\.env
channels:
  - conda-forge
  - defaults
dependencies:
  - annotated-types=0.7.0=pyhd8ed1ab_1
  - beautifulsoup4=4.13.5=py313haa95532_0
  - brotli-python=1.1.0=py313hfe59770_4
  - bzip2=1.0.8=h2bbff1b_6
  - ca-certificates=2025.10.5=h4c7d964_0
  - certifi=2025.10.5=pyhd8ed1ab_0
  - cffi=2.0.0=py313h5ea7bf4_1
  - charset-normalizer=3.4.4=pyhd8ed1ab_0
  - colorama=0.4.6=py313haa95532_0
  - et_xmlfile=2.0.0=pyhd8ed1ab_1
  - expat=2.7.1=h8ddb27b_0
  - h2=4.3.0=pyhcf101f3_0
  - hpack=4.1.0=pyhd8ed1ab_0
  - hyperframe=6.1.0=pyhd8ed1ab_0
  - idna=3.11=pyhd8ed1ab_0
  - libblas=3.9.0=35_h5709861_mkl
  - libcblas=3.9.0=35_h2a3cdd5_mkl
  - libffi=3.4.4=hd77b12b_1
  - libhwloc=2.12.1=default_h88281d1_1000
  - libiconv=1.18=hc1393d2_2
  - liblapack=3.9.0=35_hf9ab0e9_mkl
  - libmpdec=4.0.0=h827c3e9_0
  - libwinpthread=12.0.0.r4.gg4f2fc60ca=h57928b3_10
  - libxml2=2.13.8=h741aa76_1
  - libzlib=1.3.1=h02ab6af_0
  - llvm-openmp=21.1.4=hfa2b4ca_0
  - mkl=2024.2.2=h57928b3_16
  - nodejs=24.9.0=he453025_0
  - numpy=2.3.4=py313hce7ae62_0
  - openpyxl=3.1.5=py313hc624790_2
  - openssl=3.5.4=h725018a_0
  - pandas=2.3.3=py313hc90dcd4_1
  - pycparser=2.22=pyh29332c3_1
  - pydantic=2.12.3=pyh3cfb1c2_0
  - pydantic-core=2.41.4=py313hfbe8231_0
  - pydantic-settings=2.11.0=pyh3cfb1c2_0
  - pysocks=1.7.1=pyh09c184e_7
  - python=3.13.9=h260b955_100_cp313
  - pip
  - python-dateutil=2.9.0.post0=pyhe01879c_2
  - python-dotenv=1.1.1=pyhe01879c_0
  - python-tzdata=2025.2=pyhd8ed1ab_0
  - python_abi=3.13=1_cp313
  - pytz=2025.2=pyhd8ed1ab_0
  - pyyaml=6.0.2=py313h827c3e9_0
  - requests=2.32.5=pyhd8ed1ab_0
  - setuptools=80.9.0=py313haa95532_0
  - six=1.17.0=pyhe01879c_1
  - soupsieve=2.5=py313haa95532_0
  - sqlite=3.50.2=hda9a48d_1
  - tbb=2021.13.0=h18a62a1_3
  - tk=8.6.15=hf199647_0
  - tqdm=4.67.1=py313h4442805_0
  - typing-extensions=4.15.0=h396c80c_0
  - typing-inspection=0.4.2=pyhd8ed1ab_0
  - typing_extensions=4.15.0=pyhcf101f3_0
  - tzdata=2025b=h04d1e81_0
  - ucrt=10.0.22621.0=haa95532_0
  - urllib3=2.5.0=pyhd8ed1ab_0
  - vc=14.3=h2df5915_10
  - vc14_runtime=14.44.35208=h4927774_10
  - vs2015_runtime=14.44.35208=ha6b5a95_10
  - wheel=0.45.1=py313haa95532_0
  - win_inet_pton=1.1.0=pyh7428d3b_8
  - xz=5.6.4=h4754444_1
  - yaml=0.2.5=he774522_0
  - zlib=1.3.1=h02ab6af_0
  - zstandard=0.25.0=py313h5fd188c_0
  - zstd=1.5.7=hbeecb71_2
  - pip:
      - greenlet==3.2.4
      - pip==25.3
      - playwright==1.55.0
      - pyee==13.0.0
