name: .env
channels:
  - conda-forge
  - defaults
dependencies:
  - bzip2=1.0.8=h2bbff1b_6
  - ca-certificates=2025.10.5=h4c7d964_0
  - expat=2.7.1=h8ddb27b_0
  - libblas=3.9.0=35_h5709861_mkl
  - libcblas=3.9.0=35_h2a3cdd5_mkl
  - libffi=3.4.4=hd77b12b_1
  - libhwloc=2.12.1=default_h88281d1_1000
  - libiconv=1.18=hc1393d2_2
  - liblapack=3.9.0=35_hf9ab0e9_mkl
  - libmpdec=4.0.0=h827c3e9_0
  - libwinpthread=12.0.0.r4.gg4f2fc60ca=h57928b3_10
  - libxml2=2.13.8=h741aa76_1
  - libzlib=1.3.1=h02ab6af_0
  - llvm-openmp=21.1.4=hfa2b4ca_0
  - mkl=2024.2.2=h57928b3_16
  - nodejs=24.9.0=he453025_0
  - openssl=3.5.4=h725018a_0
  - python=3.13.9=h260b955_100_cp313
  - python_abi=3.13=1_cp313
  - pip
  - setuptools=80.9.0=py313haa95532_0
  - sqlite=3.50.2=hda9a48d_1
  - tbb=2021.13.0=h18a62a1_3
  - tk=8.6.15=hf199647_0
  - tzdata=2025b=h04d1e81_0
  - ucrt=10.0.22621.0=haa95532_0
  - vc=14.3=h2df5915_10
  - vc14_runtime=14.44.35208=h4927774_10
  - vs2015_runtime=14.44.35208=ha6b5a95_10
  - wheel=0.45.1=py313haa95532_0
  - xz=5.6.4=h4754444_1
  - yaml=0.2.5=he774522_0
  - zlib=1.3.1=h02ab6af_0
  - zstd=1.5.7=hbeecb71_2
  - pip:
      - greenlet==3.2.4
      - pip==25.3
      - playwright==1.55.0
      - pyee==13.0.0
